17
Ctenus_captiosis_female_tjc00311_clean_trinity_Trinity_TRINITY_DN2670_c0_g2_i1            0.0000000 0.0453483 1.4211658 5.6602317 1.6304069 1.6395928 1.5770928 1.5770928 1.6395928 1.3882469 1.5606001 1.2171583 1.0983498 8.9999988 8.9999982 8.9999982 8.9999983 
Phoneutria_nigriventer_sra_clean_trinity_Trinity_TRINITY_DN26_c0_g1_i1                    0.0453483 0.0000000 1.5259219 5.6400107 1.6606034 1.7217455 1.6604683 1.6604683 1.7217455 1.3765950 1.5596450 1.2130850 1.3685203 8.9999981 8.9999980 8.9999988 8.9999986 
Phoneutria_nigriventer_female_H_IBSP_221739_clean_trinity_Trinity_TRINITY_DN417_c0_g1_i2  1.4211658 1.5259219 0.0000000 5.5414197 2.4376431 2.9191251 2.8627988 2.8627988 2.9191251 2.6604838 2.2790302 2.2628923 2.2526815 8.9999980 8.9999989 8.9999987 8.9999985 
Ctenus_corniger_sra_clean_trinity_Trinity_TRINITY_DN94115_c0_g1_i1                        5.6602317 5.6400107 5.5414197 0.0000000 2.2338366 2.8558630 2.9036925 2.9036925 2.8558630 2.3891565 2.8099101 2.6116151 2.4467641 8.9999989 8.9999987 8.9999987 8.9999983 
Leptoctenus_byrrhus_female_tjc00136_clean_trinity_Trinity_TRINITY_DN2803_c0_g1_i1         1.6304069 1.6606034 2.4376431 2.2338366 0.0000000 0.1611947 0.1457795 0.1457795 0.1611947 0.2159878 0.2078639 0.2227488 0.2061889 8.9999981 8.9999984 8.9999982 8.9999984 
Ctenus_exlineae_female_tjc00244_clean_trinity_Trinity_TRINITY_DN518_c0_g2_i2              1.6395928 1.7217455 2.9191251 2.8558630 0.1611947 0.0000000 0.0111917 0.0111917 0.0000010 0.2497384 0.3162497 0.3075372 0.2947920 8.9999986 8.9999989 8.9999989 8.9999989 
Ctenus_hibernalis_female_tjc00092_clean_trinity_Trinity_TRINITY_DN186_c0_g2_i1            1.5770928 1.6604683 2.8627988 2.9036925 0.1457795 0.0111917 0.0000000 0.0000010 0.0111917 0.2318085 0.2957562 0.2874426 0.2747571 8.9999980 8.9999986 8.9999989 8.9999988 
Ctenus_hibernalis_female_4926_BCB_0001_clean_trinity_Trinity_TRINITY_DN178_c1_g2_i1       1.5770928 1.6604683 2.8627988 2.9036925 0.1457795 0.0111917 0.0000010 0.0000000 0.0111917 0.2318085 0.2957562 0.2874426 0.2747571 8.9999980 8.9999986 8.9999989 8.9999988 
Ctenus_exlineae_female_tjc00245_clean_trinity_Trinity_TRINITY_DN5225_c0_g1_i1             1.6395928 1.7217455 2.9191251 2.8558630 0.1611947 0.0000010 0.0111917 0.0111917 0.0000000 0.2497384 0.3162497 0.3075372 0.2947920 8.9999986 8.9999989 8.9999989 8.9999989 
Isoctenus_aff_ordinario_female_G_IBSP_221742_clean_trinity_Trinity_TRINITY_DN167_c0_g1_i5 1.3882469 1.3765950 2.6604838 2.3891565 0.2159878 0.2497384 0.2318085 0.2318085 0.2497384 0.0000000 0.3178830 0.2634299 0.2824178 8.9999981 8.9999986 8.9999989 8.9999987 
Phoneutria_nigriventer_female_I_IBSP_221740_clean_trinity_Trinity_TRINITY_DN49_c0_g1_i4   1.5606001 1.5596450 2.2790302 2.8099101 0.2078639 0.3162497 0.2957562 0.2957562 0.3162497 0.3178830 0.0000000 0.0882750 0.0881489 8.9999987 8.9999990 8.9999987 8.9999990 
Isoctenus_sp_female_F_IBSP_221743_clean_trinity_Trinity_TRINITY_DN2656_c0_g1_i1           1.2171583 1.2130850 2.2628923 2.6116151 0.2227488 0.3075372 0.2874426 0.2874426 0.3075372 0.2634299 0.0882750 0.0000000 0.0460276 8.9999989 8.9999989 8.9999985 8.9999989 
Phoneutria_nigriventer_female_J_IBSP_221741_clean_trinity_Trinity_TRINITY_DN218_c0_g1_i10 1.0983498 1.3685203 2.2526815 2.4467641 0.2061889 0.2947920 0.2747571 0.2747571 0.2947920 0.2824178 0.0881489 0.0460276 0.0000000 8.9999989 8.9999989 8.9999984 8.9999989 
Ctenus_corniger_sra_clean_trinity_Trinity_TRINITY_DN26760_c0_g1_i1                        8.9999988 8.9999981 8.9999980 8.9999989 8.9999981 8.9999986 8.9999980 8.9999980 8.9999986 8.9999981 8.9999987 8.9999989 8.9999989 0.0000000 8.9999986 8.9999989 8.9999984 
Ctenus_corniger_sra_clean_trinity_Trinity_TRINITY_DN27263_c0_g1_i1                        8.9999982 8.9999980 8.9999989 8.9999987 8.9999984 8.9999989 8.9999986 8.9999986 8.9999989 8.9999986 8.9999990 8.9999989 8.9999989 8.9999986 0.0000000 1.9139175 6.5954454 
Ctenus_corniger_sra_clean_trinity_Trinity_TRINITY_DN27263_c0_g2_i1                        8.9999982 8.9999988 8.9999987 8.9999987 8.9999982 8.9999989 8.9999989 8.9999989 8.9999989 8.9999989 8.9999987 8.9999985 8.9999984 8.9999989 1.9139175 0.0000000 6.7746320 
Ctenus_corniger_sra_clean_trinity_Trinity_TRINITY_DN8463_c0_g1_i1                         8.9999983 8.9999986 8.9999985 8.9999983 8.9999984 8.9999989 8.9999988 8.9999988 8.9999989 8.9999987 8.9999990 8.9999989 8.9999989 8.9999984 6.5954454 6.7746320 0.0000000 
