13
Ctenus_captiosis_female_tjc00311_clean_trinity_Trinity_TRINITY_DN2670_c0_g2_i1            0.0000000 0.0450777 0.7490419 2.1955723 0.8526002 0.8495496 0.8304111 0.8304111 0.8495496 0.8087110 0.8366830 0.7477398 0.7041623 
Phoneutria_nigriventer_sra_clean_trinity_Trinity_TRINITY_DN26_c0_g1_i1                    0.0450777 0.0000000 0.7588248 2.2208312 0.8443325 0.8640527 0.8448671 0.8448671 0.8640527 0.8019152 0.8325585 0.7444383 0.7813919 
Phoneutria_nigriventer_female_H_IBSP_221739_clean_trinity_Trinity_TRINITY_DN417_c0_g1_i2  0.7490419 0.7588248 0.0000000 2.1337515 0.9791618 1.1044071 1.0836756 1.0836756 1.1044071 1.0172956 0.8921411 0.8797429 0.8860770 
Ctenus_corniger_sra_clean_trinity_Trinity_TRINITY_DN94115_c0_g1_i1                        2.1955723 2.2208312 2.1337515 0.0000000 1.1327226 1.2619276 1.2843761 1.2843761 1.2619276 1.1882936 1.3998818 1.3627253 1.2724360 
Leptoctenus_byrrhus_female_tjc00136_clean_trinity_Trinity_TRINITY_DN2803_c0_g1_i1         0.8526002 0.8443325 0.9791618 1.1327226 0.0000000 0.1437426 0.1311471 0.1311471 0.1437426 0.2051097 0.1951319 0.2082509 0.1975516 
Ctenus_exlineae_female_tjc00244_clean_trinity_Trinity_TRINITY_DN518_c0_g2_i2              0.8495496 0.8640527 1.1044071 1.2619276 0.1437426 0.0000000 0.0110448 0.0110448 0.0000010 0.2383827 0.2856584 0.2864550 0.2742225 
Ctenus_hibernalis_female_tjc00092_clean_trinity_Trinity_TRINITY_DN186_c0_g2_i1            0.8304111 0.8448671 1.0836756 1.2843761 0.1311471 0.0110448 0.0000000 0.0000010 0.0110448 0.2249174 0.2716999 0.2724317 0.2601739 
Ctenus_hibernalis_female_4926_BCB_0001_clean_trinity_Trinity_TRINITY_DN178_c1_g2_i1       0.8304111 0.8448671 1.0836756 1.2843761 0.1311471 0.0110448 0.0000010 0.0000000 0.0110448 0.2249174 0.2716999 0.2724317 0.2601739 
Ctenus_exlineae_female_tjc00245_clean_trinity_Trinity_TRINITY_DN5225_c0_g1_i1             0.8495496 0.8640527 1.1044071 1.2619276 0.1437426 0.0000010 0.0110448 0.0110448 0.0000000 0.2383827 0.2856584 0.2864550 0.2742225 
Isoctenus_aff_ordinario_female_G_IBSP_221742_clean_trinity_Trinity_TRINITY_DN167_c0_g1_i5 0.8087110 0.8019152 1.0172956 1.1882936 0.2051097 0.2383827 0.2249174 0.2249174 0.2383827 0.0000000 0.2610973 0.2381573 0.2515781 
Phoneutria_nigriventer_female_I_IBSP_221740_clean_trinity_Trinity_TRINITY_DN49_c0_g1_i4   0.8366830 0.8325585 0.8921411 1.3998818 0.1951319 0.2856584 0.2716999 0.2716999 0.2856584 0.2610973 0.0000000 0.0915621 0.0923291 
Isoctenus_sp_female_F_IBSP_221743_clean_trinity_Trinity_TRINITY_DN2656_c0_g1_i1           0.7477398 0.7444383 0.8797429 1.3627253 0.2082509 0.2864550 0.2724317 0.2724317 0.2864550 0.2381573 0.0915621 0.0000000 0.0454422 
Phoneutria_nigriventer_female_J_IBSP_221741_clean_trinity_Trinity_TRINITY_DN218_c0_g1_i10 0.7041623 0.7813919 0.8860770 1.2724360 0.1975516 0.2742225 0.2601739 0.2601739 0.2742225 0.2515781 0.0923291 0.0454422 0.0000000 
