13
Ctenus_captiosis_female_tjc00311_clean_trinity_Trinity_TRINITY_DN2670_c0_g2_i1            0.0000000 0.0145686 0.1861591 0.4782402 0.2096685 0.2112294 0.2067408 0.2067408 0.2112294 0.2001726 0.2092524 0.1861429 0.1760016 
Phoneutria_nigriventer_sra_clean_trinity_Trinity_TRINITY_DN26_c0_g1_i1                    0.0145686 0.0000000 0.1897767 0.4879053 0.2087780 0.2149356 0.2104518 0.2104518 0.2149356 0.1994346 0.2083652 0.1853420 0.1950739 
Phoneutria_nigriventer_female_H_IBSP_221739_clean_trinity_Trinity_TRINITY_DN417_c0_g1_i2  0.1861591 0.1897767 0.0000000 0.4779256 0.2338063 0.2601182 0.2554870 0.2554870 0.2601182 0.2447332 0.2199452 0.2181816 0.2185619 
Ctenus_corniger_sra_clean_trinity_Trinity_TRINITY_DN94115_c0_g1_i1                        0.4782402 0.4879053 0.4779256 0.0000000 0.2889479 0.3200151 0.3261457 0.3261457 0.3200151 0.2982170 0.3476311 0.3427819 0.3182447 
Leptoctenus_byrrhus_female_tjc00136_clean_trinity_Trinity_TRINITY_DN2803_c0_g1_i1         0.2096685 0.2087780 0.2338063 0.2889479 0.0000000 0.0445938 0.0408447 0.0408447 0.0445938 0.0637950 0.0594901 0.0635041 0.0598378 
Ctenus_exlineae_female_tjc00244_clean_trinity_Trinity_TRINITY_DN518_c0_g2_i2              0.2112294 0.2149356 0.2601182 0.3200151 0.0445938 0.0000000 0.0036000 0.0036000 0.0000010 0.0725781 0.0839973 0.0846907 0.0809360 
Ctenus_hibernalis_female_tjc00092_clean_trinity_Trinity_TRINITY_DN186_c0_g2_i1            0.2067408 0.2104518 0.2554870 0.3261457 0.0408447 0.0036000 0.0000000 0.0000010 0.0036010 0.0687268 0.0801379 0.0808022 0.0770455 
Ctenus_hibernalis_female_4926_BCB_0001_clean_trinity_Trinity_TRINITY_DN178_c1_g2_i1       0.2067408 0.2104518 0.2554870 0.3261457 0.0408447 0.0036000 0.0000010 0.0000000 0.0036010 0.0687268 0.0801379 0.0808022 0.0770455 
Ctenus_exlineae_female_tjc00245_clean_trinity_Trinity_TRINITY_DN5225_c0_g1_i1             0.2112294 0.2149356 0.2601182 0.3200151 0.0445938 0.0000010 0.0036010 0.0036010 0.0000000 0.0725781 0.0839973 0.0846907 0.0809360 
Isoctenus_aff_ordinario_female_G_IBSP_221742_clean_trinity_Trinity_TRINITY_DN167_c0_g1_i5 0.2001726 0.1994346 0.2447332 0.2982170 0.0637950 0.0725781 0.0687268 0.0687268 0.0725781 0.0000000 0.0790278 0.0713557 0.0757156 
Phoneutria_nigriventer_female_I_IBSP_221740_clean_trinity_Trinity_TRINITY_DN49_c0_g1_i4   0.2092524 0.2083652 0.2199452 0.3476311 0.0594901 0.0839973 0.0801379 0.0801379 0.0839973 0.0790278 0.0000000 0.0291452 0.0291951 
Isoctenus_sp_female_F_IBSP_221743_clean_trinity_Trinity_TRINITY_DN2656_c0_g1_i1           0.1861429 0.1853420 0.2181816 0.3427819 0.0635041 0.0846907 0.0808022 0.0808022 0.0846907 0.0713557 0.0291452 0.0000000 0.0145077 
Phoneutria_nigriventer_female_J_IBSP_221741_clean_trinity_Trinity_TRINITY_DN218_c0_g1_i10 0.1760016 0.1950739 0.2185619 0.3182447 0.0598378 0.0809360 0.0770455 0.0770455 0.0809360 0.0757156 0.0291951 0.0145077 0.0000000 
